
1 10325 2.38978
1 10327 1.26302
1 10328 0.693384
1 10330 0.742063
2 11201 0.980075
2 11203 0.907213
2 11204 0.732751
2 11206 1.95057
3 10309 0.616827
3 10311 0.832618
3 10312 1.2331
3 10314 2.72626
4 10301 1.03476
4 10303 1.47523
4 10304 1.04965
4 10306 0.712741
5 10324 2.27507
5 10329 0.692929
5 10331 0.895011
5 0 5.89488e-316
6 10316 1.05549
6 10318 1.01047
6 10321 0.794966
6 10323 1.24221
7 10308 1.13306
7 10310 0.83011
7 10313 1.02219
7 10315 1.07012
8 10300 1.00632
8 10302 0.877601
8 10305 0.969962
8 10307 1.1964
9 11225 0.938912
9 11227 0.879451
9 11228 1.14731
9 11230 1.07961
10 11217 0.979031
10 11219 0.832739
10 11220 1.05098
10 11222 1.21031
11 11209 1.11195
11 11211 0.927317
11 11212 0.864011
11 11214 1.1562
12 10317 5.84221
12 10320 0.788413
12 10322 0.640836
12 0 5.30414e-316
13 11224 1.13587
13 11229 0.789166
13 11231 1.17308
13 0 5.49378e-316
14 11216 0.951671
14 11218 1.05115
14 11221 1.0149
14 11223 0.987597
15 11208 1.10298
15 11210 0.896977
15 11213 1.06228
15 11215 0.964197
16 11202 0.704207
16 11205 0.925738
16 11207 2.00103
16 0 5.05808e-316
