Module#|ModAvg|ModConst
=======================
1 167.412 0.497544
2 356.461 1.05939
3 172.391 0.512341
4 48.6109 0.14447
5 416.093 1.23662
6 542.466 1.61219
7 450.816 1.33981
8 490.807 1.45867
9 329.264 0.978564
10 402.095 1.19502
11 405.664 1.20562
12 239.635 0.712189
13 362.637 1.07775
14 377.853 1.12297
15 347.045 1.03141
16 274.379 0.815447

1 167.412 0.497544
2 356.461 1.05939
3 172.391 0.512341
4 48.6109 0.14447
5 416.093 1.23662
6 542.466 1.61219
7 450.816 1.33981
8 490.807 1.45867
9 329.264 0.978564
10 402.095 1.19502
11 405.664 1.20562
12 239.635 0.712189
13 362.637 1.07775
14 377.853 1.12297
15 347.045 1.03141
16 274.379 0.815447
1 167.412 0.497544
2 356.461 1.05939
3 172.391 0.512341
4 48.6109 0.14447
5 416.093 1.23662
6 542.466 1.61219
7 450.816 1.33981
8 490.807 1.45867
9 329.264 0.978564
10 402.095 1.19502
11 405.664 1.20562
12 239.635 0.712189
13 362.637 1.07775
14 377.853 1.12297
15 347.045 1.03141
16 274.379 0.815447
1 167.412 0.497544
2 356.461 1.05939
3 172.391 0.512341
4 48.6109 0.14447
5 416.093 1.23662
6 542.466 1.61219
7 450.816 1.33981
8 490.807 1.45867
9 329.264 0.978564
10 402.095 1.19502
11 405.664 1.20562
12 239.635 0.712189
13 362.637 1.07775
14 377.853 1.12297
15 347.045 1.03141
16 274.379 0.815447